"File_260511_150353 - RawData"
"≤®≥§(nm)"	"Œ¸ ’÷µ"
200.000	2.951
201.000	2.748
202.000	2.245
203.000	1.814
204.000	1.552
205.000	1.388
206.000	1.295
207.000	1.262
208.000	1.238
209.000	1.264
210.000	1.280
211.000	1.297
212.000	1.340
213.000	1.374
214.000	1.404
215.000	1.450
216.000	1.495
217.000	1.568
218.000	1.632
219.000	1.716
220.000	1.769
221.000	1.841
222.000	1.884
223.000	1.894
224.000	1.889
225.000	1.841
226.000	1.773
227.000	1.671
228.000	1.532
229.000	1.368
230.000	1.172
231.000	0.963
232.000	0.777
233.000	0.603
234.000	0.457
235.000	0.332
236.000	0.236
237.000	0.176
238.000	0.124
239.000	0.093
240.000	0.073
241.000	0.057
242.000	0.049
243.000	0.048
244.000	0.043
245.000	0.044
246.000	0.044
247.000	0.046
248.000	0.049
249.000	0.052
250.000	0.059
251.000	0.062
252.000	0.067
253.000	0.073
254.000	0.085
255.000	0.087
256.000	0.097
257.000	0.108
258.000	0.118
259.000	0.130
260.000	0.142
261.000	0.151
262.000	0.165
263.000	0.181
264.000	0.197
265.000	0.214
266.000	0.228
267.000	0.242
268.000	0.257
269.000	0.268
270.000	0.283
271.000	0.294
272.000	0.308
273.000	0.320
274.000	0.331
275.000	0.333
276.000	0.326
277.000	0.315
278.000	0.299
279.000	0.290
280.000	0.285
281.000	0.277
282.000	0.268
283.000	0.245
284.000	0.210
285.000	0.166
286.000	0.124
287.000	0.090
288.000	0.066
289.000	0.045
290.000	0.033
291.000	0.026
292.000	0.019
293.000	0.015
294.000	0.013
295.000	0.011
296.000	0.010
297.000	0.012
298.000	0.009
299.000	0.010
300.000	0.010
301.000	0.008
302.000	0.010
303.000	0.008
304.000	0.009
305.000	0.012
306.000	0.009
307.000	0.008
308.000	0.007
309.000	0.009
310.000	0.008
311.000	0.009
312.000	0.007
313.000	0.008
314.000	0.009
315.000	0.006
316.000	0.006
317.000	0.006
318.000	0.007
319.000	0.006
320.000	0.003
321.000	0.008
322.000	0.006
323.000	0.008
324.000	0.004
325.000	0.008
326.000	0.007
327.000	0.006
328.000	0.006
329.000	0.008
330.000	0.008
331.000	0.009
332.000	0.007
333.000	0.006
334.000	0.008
335.000	0.008
336.000	0.007
337.000	0.008
338.000	0.006
339.000	0.007
340.000	0.007
341.000	0.008
342.000	0.005
343.000	0.005
344.000	0.006
345.000	0.006
346.000	0.007
347.000	0.006
348.000	0.006
349.000	0.005
350.000	0.006
351.000	0.008
352.000	0.005
353.000	0.005
354.000	0.005
355.000	0.005
356.000	0.005
357.000	0.006
358.000	0.005
359.000	0.006
360.000	0.006
361.000	0.005
362.000	0.004
363.000	0.003
364.000	0.005
365.000	0.004
366.000	0.007
367.000	0.006
368.000	0.004
369.000	0.007
370.000	0.006
371.000	0.005
372.000	0.004
373.000	0.003
374.000	0.003
375.000	0.007
376.000	0.004
377.000	0.006
378.000	0.005
379.000	0.006
380.000	0.003
381.000	0.007
382.000	0.005
383.000	0.005
384.000	0.004
385.000	0.006
386.000	0.005
387.000	0.005
388.000	0.004
389.000	0.005
390.000	0.005
391.000	0.005
392.000	0.005
393.000	0.006
394.000	0.004
395.000	0.006
396.000	0.005
397.000	0.005
398.000	0.005
399.000	0.005
400.000	0.004
401.000	0.006
402.000	0.005
403.000	0.006
404.000	0.005
405.000	0.006
406.000	0.005
407.000	0.004
408.000	0.004
409.000	0.005
410.000	0.005
411.000	0.005
412.000	0.005
413.000	0.005
414.000	0.004
415.000	0.005
416.000	0.005
417.000	0.005
418.000	0.004
419.000	0.006
420.000	0.004
421.000	0.005
422.000	0.003
423.000	0.003
424.000	0.005
425.000	0.005
426.000	0.006
427.000	0.005
428.000	0.004
429.000	0.005
430.000	0.005
431.000	0.006
432.000	0.003
433.000	0.006
434.000	0.004
435.000	0.005
436.000	0.004
437.000	0.005
438.000	0.004
439.000	0.005
440.000	0.005
441.000	0.005
442.000	0.005
443.000	0.005
444.000	0.004
445.000	0.005
446.000	0.004
447.000	0.004
448.000	0.004
449.000	0.005
450.000	0.004
451.000	0.004
452.000	0.004
453.000	0.005
454.000	0.004
455.000	0.004
456.000	0.004
457.000	0.005
458.000	0.005
459.000	0.005
460.000	0.004
461.000	0.004
462.000	0.005
463.000	0.005
464.000	0.003
465.000	0.005
466.000	0.005
467.000	0.003
468.000	0.005
469.000	0.005
470.000	0.005
471.000	0.004
472.000	0.005
473.000	0.004
474.000	0.003
475.000	0.004
476.000	0.004
477.000	0.004
478.000	0.004
479.000	0.004
480.000	0.004
481.000	0.004
482.000	0.005
483.000	0.004
484.000	0.004
485.000	0.004
486.000	0.004
487.000	0.004
488.000	0.004
489.000	0.005
490.000	0.005
491.000	0.005
492.000	0.004
493.000	0.004
494.000	0.004
495.000	0.004
496.000	0.005
497.000	0.004
498.000	0.004
499.000	0.005
500.000	0.004
501.000	0.005
502.000	0.004
503.000	0.004
504.000	0.005
505.000	0.004
506.000	0.004
507.000	0.005
508.000	0.004
509.000	0.005
510.000	0.005
511.000	0.004
512.000	0.005
513.000	0.004
514.000	0.004
515.000	0.004
516.000	0.004
517.000	0.005
518.000	0.004
519.000	0.004
520.000	0.005
521.000	0.004
522.000	0.005
523.000	0.005
524.000	0.004
525.000	0.004
526.000	0.005
527.000	0.005
528.000	0.004
529.000	0.004
530.000	0.004
531.000	0.004
532.000	0.004
533.000	0.004
534.000	0.005
535.000	0.005
536.000	0.004
537.000	0.004
538.000	0.004
539.000	0.004
540.000	0.005
541.000	0.005
542.000	0.004
543.000	0.006
544.000	0.005
545.000	0.004
546.000	0.005
547.000	0.004
548.000	0.004
549.000	0.004
550.000	0.005
551.000	0.004
552.000	0.004
553.000	0.003
554.000	0.004
555.000	0.004
556.000	0.005
557.000	0.004
558.000	0.004
559.000	0.005
560.000	0.004
561.000	0.004
562.000	0.005
563.000	0.004
564.000	0.005
565.000	0.004
566.000	0.004
567.000	0.005
568.000	0.003
569.000	0.004
570.000	0.004
571.000	0.004
572.000	0.004
573.000	0.005
574.000	0.004
575.000	0.005
576.000	0.005
577.000	0.005
578.000	0.005
579.000	0.004
580.000	0.004
581.000	0.004
582.000	0.004
583.000	0.004
584.000	0.004
585.000	0.004
586.000	0.005
587.000	0.004
588.000	0.005
589.000	0.004
590.000	0.004
591.000	0.005
592.000	0.005
593.000	0.005
594.000	0.004
595.000	0.004
596.000	0.004
597.000	0.005
598.000	0.004
599.000	0.003
600.000	0.005
601.000	0.003
602.000	0.004
603.000	0.005
604.000	0.004
605.000	0.004
606.000	0.004
607.000	0.005
608.000	0.005
609.000	0.005
610.000	0.005
611.000	0.005
612.000	0.004
613.000	0.005
614.000	0.005
615.000	0.005
616.000	0.005
617.000	0.004
618.000	0.005
619.000	0.005
620.000	0.004
621.000	0.004
622.000	0.004
623.000	0.005
624.000	0.004
625.000	0.004
626.000	0.004
627.000	0.005
628.000	0.005
629.000	0.004
630.000	0.005
631.000	0.004
632.000	0.005
633.000	0.003
634.000	0.004
635.000	0.005
636.000	0.004
637.000	0.004
638.000	0.004
639.000	0.005
640.000	0.004
641.000	0.004
642.000	0.004
643.000	0.003
644.000	0.005
645.000	0.005
646.000	0.004
647.000	0.005
648.000	0.005
649.000	0.005
650.000	0.005
651.000	0.004
652.000	0.006
653.000	0.004
654.000	0.005
655.000	0.005
656.000	0.005
657.000	0.006
658.000	0.005
659.000	0.005
660.000	0.005
661.000	0.005
662.000	0.004
663.000	0.004
664.000	0.005
665.000	0.005
666.000	0.005
667.000	0.005
668.000	0.005
669.000	0.005
670.000	0.004
671.000	0.005
672.000	0.005
673.000	0.004
674.000	0.005
675.000	0.006
676.000	0.005
677.000	0.005
678.000	0.005
679.000	0.005
680.000	0.005
681.000	0.005
682.000	0.005
683.000	0.005
684.000	0.005
685.000	0.004
686.000	0.005
687.000	0.004
688.000	0.005
689.000	0.005
690.000	0.005
691.000	0.004
692.000	0.003
693.000	0.007
694.000	0.008
695.000	0.004
696.000	0.004
697.000	0.005
698.000	0.005
699.000	0.005
700.000	0.008
701.000	0.004
702.000	0.002
703.000	0.005
704.000	0.005
705.000	0.005
706.000	0.005
707.000	0.004
708.000	0.005
709.000	0.006
710.000	0.004
711.000	0.005
712.000	0.005
713.000	0.004
714.000	0.007
715.000	0.005
716.000	0.007
717.000	0.004
718.000	0.004
719.000	0.005
720.000	0.007
721.000	0.004
722.000	0.005
723.000	0.005
724.000	0.004
725.000	0.004
726.000	0.005
727.000	0.005
728.000	0.003
729.000	0.005
730.000	0.004
731.000	0.004
732.000	0.004
733.000	0.005
734.000	0.006
735.000	0.003
736.000	0.005
737.000	0.005
738.000	0.003
739.000	0.004
740.000	0.004
741.000	0.004
742.000	0.004
743.000	0.005
744.000	0.005
745.000	0.004
746.000	0.004
747.000	0.004
748.000	0.003
749.000	0.004
750.000	0.005
751.000	0.005
752.000	0.004
753.000	0.004
754.000	0.005
755.000	0.005
756.000	0.004
757.000	0.003
758.000	0.004
759.000	0.004
760.000	0.005
761.000	0.004
762.000	0.006
763.000	0.003
764.000	0.004
765.000	0.003
766.000	0.004
767.000	0.003
768.000	0.003
769.000	0.004
770.000	0.003
771.000	0.004
772.000	0.004
773.000	0.004
774.000	0.004
775.000	0.004
776.000	0.003
777.000	0.004
778.000	0.004
779.000	0.003
780.000	0.003
781.000	0.003
782.000	0.004
783.000	0.004
784.000	0.004
785.000	0.005
786.000	0.003
787.000	0.003
788.000	0.004
789.000	0.003
790.000	0.003
791.000	0.004
792.000	0.003
793.000	0.003
794.000	0.002
795.000	0.003
796.000	0.005
797.000	0.003
798.000	0.003
799.000	0.004
800.000	0.004
