"File_260511_145905 - RawData"
"≤®≥§(nm)"	"Œ¸ ’÷µ"
200.000	3.256
201.000	3.250
202.000	3.496
203.000	3.433
204.000	3.585
205.000	3.513
206.000	3.150
207.000	3.392
208.000	3.800
209.000	3.834
210.000	3.622
211.000	3.847
212.000	3.858
213.000	3.588
214.000	3.781
215.000	3.771
216.000	3.790
217.000	3.647
218.000	3.621
219.000	3.567
220.000	3.624
221.000	3.660
222.000	3.569
223.000	3.712
224.000	3.501
225.000	3.454
226.000	3.237
227.000	2.856
228.000	2.324
229.000	1.778
230.000	1.336
231.000	1.012
232.000	0.795
233.000	0.625
234.000	0.523
235.000	0.452
236.000	0.405
237.000	0.375
238.000	0.350
239.000	0.336
240.000	0.326
241.000	0.321
242.000	0.320
243.000	0.326
244.000	0.328
245.000	0.338
246.000	0.348
247.000	0.362
248.000	0.378
249.000	0.394
250.000	0.418
251.000	0.439
252.000	0.463
253.000	0.492
254.000	0.524
255.000	0.548
256.000	0.581
257.000	0.617
258.000	0.650
259.000	0.683
260.000	0.719
261.000	0.748
262.000	0.780
263.000	0.813
264.000	0.845
265.000	0.878
266.000	0.903
267.000	0.930
268.000	0.952
269.000	0.975
270.000	0.991
271.000	1.005
272.000	1.015
273.000	1.017
274.000	1.018
275.000	1.022
276.000	1.030
277.000	1.049
278.000	1.056
279.000	1.062
280.000	1.060
281.000	1.044
282.000	1.014
283.000	0.962
284.000	0.907
285.000	0.862
286.000	0.848
287.000	0.867
288.000	0.878
289.000	0.833
290.000	0.743
291.000	0.635
292.000	0.509
293.000	0.418
294.000	0.335
295.000	0.276
296.000	0.225
297.000	0.183
298.000	0.146
299.000	0.117
300.000	0.094
301.000	0.074
302.000	0.060
303.000	0.045
304.000	0.036
305.000	0.029
306.000	0.021
307.000	0.017
308.000	0.012
309.000	0.011
310.000	0.010
311.000	0.008
312.000	0.006
313.000	0.008
314.000	0.003
315.000	0.004
316.000	0.003
317.000	-0.000
318.000	0.003
319.000	0.003
320.000	0.002
321.000	0.001
322.000	-0.000
323.000	-0.002
324.000	0.003
325.000	0.003
326.000	0.001
327.000	0.002
328.000	-0.000
329.000	0.004
330.000	0.003
331.000	0.003
332.000	0.003
333.000	0.002
334.000	0.004
335.000	0.004
336.000	0.003
337.000	0.001
338.000	0.001
339.000	0.003
340.000	0.004
341.000	0.002
342.000	0.001
343.000	0.001
344.000	0.001
345.000	0.001
346.000	0.002
347.000	0.003
348.000	0.002
349.000	0.001
350.000	0.002
351.000	0.002
352.000	0.001
353.000	0.001
354.000	-0.000
355.000	-0.000
356.000	0.002
357.000	0.001
358.000	0.000
359.000	0.001
360.000	0.002
361.000	0.001
362.000	0.001
363.000	0.001
364.000	0.003
365.000	0.000
366.000	0.002
367.000	0.000
368.000	0.003
369.000	0.002
370.000	0.000
371.000	0.002
372.000	0.001
373.000	-0.000
374.000	0.000
375.000	0.003
376.000	0.001
377.000	0.001
378.000	0.001
379.000	0.001
380.000	-0.000
381.000	0.002
382.000	0.001
383.000	-0.000
384.000	0.002
385.000	-0.000
386.000	0.001
387.000	0.002
388.000	-0.001
389.000	0.001
390.000	0.001
391.000	0.001
392.000	0.001
393.000	0.002
394.000	-0.001
395.000	0.001
396.000	0.001
397.000	0.001
398.000	0.000
399.000	0.001
400.000	0.000
401.000	0.001
402.000	0.001
403.000	0.003
404.000	0.002
405.000	0.002
406.000	-0.001
407.000	0.003
408.000	-0.000
409.000	0.001
410.000	0.002
411.000	0.001
412.000	0.001
413.000	0.000
414.000	0.001
415.000	0.001
416.000	0.001
417.000	0.001
418.000	-0.000
419.000	0.001
420.000	0.001
421.000	0.002
422.000	-0.000
423.000	-0.001
424.000	0.001
425.000	0.001
426.000	0.001
427.000	-0.000
428.000	0.000
429.000	0.000
430.000	0.001
431.000	0.001
432.000	-0.000
433.000	0.002
434.000	0.001
435.000	0.001
436.000	0.001
437.000	0.001
438.000	0.001
439.000	0.001
440.000	0.000
441.000	-0.000
442.000	0.001
443.000	0.001
444.000	0.001
445.000	0.000
446.000	0.001
447.000	0.000
448.000	0.000
449.000	0.000
450.000	0.001
451.000	0.000
452.000	0.000
453.000	0.001
454.000	0.001
455.000	0.000
456.000	0.001
457.000	0.000
458.000	0.001
459.000	0.001
460.000	-0.000
461.000	0.001
462.000	0.001
463.000	0.002
464.000	-0.001
465.000	0.001
466.000	0.000
467.000	-0.000
468.000	0.001
469.000	0.001
470.000	0.001
471.000	0.001
472.000	0.001
473.000	0.000
474.000	-0.000
475.000	0.001
476.000	0.000
477.000	0.000
478.000	0.001
479.000	0.000
480.000	0.001
481.000	0.002
482.000	0.000
483.000	0.001
484.000	-0.000
485.000	-0.000
486.000	0.001
487.000	-0.001
488.000	-0.000
489.000	0.001
490.000	0.000
491.000	0.000
492.000	0.001
493.000	-0.000
494.000	0.000
495.000	0.000
496.000	0.001
497.000	0.001
498.000	-0.000
499.000	0.001
500.000	0.001
501.000	0.000
502.000	0.000
503.000	0.001
504.000	0.001
505.000	0.000
506.000	0.001
507.000	0.000
508.000	0.000
509.000	0.001
510.000	0.000
511.000	0.000
512.000	-0.000
513.000	0.001
514.000	0.000
515.000	0.000
516.000	0.001
517.000	0.002
518.000	-0.000
519.000	0.001
520.000	0.001
521.000	0.001
522.000	0.000
523.000	0.001
524.000	0.001
525.000	0.000
526.000	0.000
527.000	0.002
528.000	-0.000
529.000	0.000
530.000	-0.000
531.000	0.000
532.000	0.000
533.000	0.001
534.000	0.000
535.000	0.000
536.000	0.001
537.000	0.000
538.000	0.001
539.000	0.000
540.000	0.000
541.000	0.001
542.000	0.001
543.000	0.001
544.000	0.001
545.000	0.000
546.000	-0.000
547.000	0.000
548.000	-0.000
549.000	0.001
550.000	0.001
551.000	-0.000
552.000	-0.000
553.000	0.000
554.000	-0.000
555.000	0.001
556.000	-0.000
557.000	0.001
558.000	0.001
559.000	0.001
560.000	0.001
561.000	0.001
562.000	0.001
563.000	-0.000
564.000	0.001
565.000	0.000
566.000	0.001
567.000	0.002
568.000	-0.000
569.000	0.001
570.000	0.001
571.000	0.001
572.000	0.001
573.000	0.001
574.000	0.001
575.000	0.001
576.000	0.000
577.000	0.001
578.000	0.001
579.000	0.000
580.000	0.001
581.000	0.000
582.000	-0.000
583.000	-0.000
584.000	0.002
585.000	0.001
586.000	0.001
587.000	0.001
588.000	0.002
589.000	0.001
590.000	0.001
591.000	0.001
592.000	0.000
593.000	0.001
594.000	0.000
595.000	0.001
596.000	0.000
597.000	0.001
598.000	0.000
599.000	0.001
600.000	0.001
601.000	-0.000
602.000	0.001
603.000	-0.000
604.000	0.000
605.000	0.001
606.000	0.001
607.000	0.002
608.000	0.002
609.000	0.001
610.000	0.001
611.000	0.002
612.000	0.001
613.000	0.001
614.000	0.001
615.000	0.001
616.000	0.001
617.000	0.000
618.000	0.001
619.000	0.001
620.000	0.000
621.000	0.000
622.000	0.001
623.000	0.001
624.000	0.001
625.000	0.000
626.000	0.001
627.000	0.001
628.000	0.001
629.000	0.002
630.000	0.001
631.000	0.000
632.000	0.002
633.000	0.001
634.000	0.000
635.000	0.001
636.000	0.001
637.000	0.002
638.000	0.001
639.000	0.001
640.000	0.001
641.000	0.001
642.000	0.001
643.000	-0.000
644.000	0.000
645.000	0.001
646.000	0.000
647.000	0.001
648.000	0.002
649.000	0.001
650.000	0.001
651.000	0.000
652.000	0.002
653.000	0.001
654.000	0.001
655.000	0.001
656.000	0.000
657.000	0.001
658.000	0.001
659.000	0.001
660.000	0.001
661.000	0.002
662.000	0.001
663.000	0.001
664.000	0.001
665.000	0.002
666.000	0.001
667.000	0.001
668.000	0.002
669.000	0.001
670.000	-0.000
671.000	0.001
672.000	0.002
673.000	0.001
674.000	0.002
675.000	0.001
676.000	0.002
677.000	0.001
678.000	0.002
679.000	0.002
680.000	-0.000
681.000	0.002
682.000	0.001
683.000	0.002
684.000	0.002
685.000	0.001
686.000	0.000
687.000	0.001
688.000	0.003
689.000	0.001
690.000	0.001
691.000	0.001
692.000	-0.000
693.000	0.002
694.000	0.004
695.000	0.001
696.000	0.002
697.000	0.001
698.000	0.002
699.000	0.002
700.000	0.002
701.000	0.002
702.000	0.001
703.000	0.001
704.000	0.002
705.000	0.001
706.000	0.003
707.000	0.000
708.000	0.002
709.000	0.001
710.000	0.000
711.000	0.002
712.000	0.002
713.000	0.002
714.000	0.002
715.000	0.003
716.000	0.002
717.000	0.000
718.000	0.001
719.000	0.003
720.000	0.002
721.000	0.001
722.000	0.001
723.000	0.001
724.000	0.001
725.000	0.001
726.000	0.003
727.000	0.001
728.000	0.001
729.000	0.003
730.000	0.001
731.000	0.000
732.000	0.001
733.000	0.001
734.000	0.001
735.000	0.001
736.000	0.001
737.000	0.001
738.000	0.000
739.000	0.001
740.000	0.000
741.000	0.000
742.000	0.002
743.000	0.001
744.000	0.001
745.000	0.002
746.000	0.001
747.000	0.000
748.000	0.000
749.000	0.000
750.000	0.001
751.000	0.001
752.000	0.000
753.000	0.001
754.000	0.002
755.000	0.001
756.000	0.001
757.000	-0.000
758.000	0.001
759.000	0.001
760.000	0.002
761.000	0.002
762.000	0.002
763.000	0.001
764.000	0.001
765.000	-0.000
766.000	0.001
767.000	0.001
768.000	0.000
769.000	0.001
770.000	0.000
771.000	-0.000
772.000	0.001
773.000	0.001
774.000	0.001
775.000	0.001
776.000	0.000
777.000	0.002
778.000	0.001
779.000	-0.000
780.000	-0.000
781.000	0.001
782.000	0.001
783.000	0.001
784.000	0.000
785.000	0.002
786.000	0.000
787.000	0.002
788.000	0.001
789.000	0.001
790.000	0.001
791.000	0.001
792.000	-0.000
793.000	0.000
794.000	0.000
795.000	0.001
796.000	0.001
797.000	0.001
798.000	-0.000
799.000	0.001
800.000	0.001
